1 0.208984 0.412109 0.089844 0.089844
1 0.476562 0.339844 0.093750 0.093750
1 0.539062 0.414062 0.046875 0.046875
1 0.531250 0.515625 0.046875 0.046875
1 0.511719 0.595703 0.078125 0.058594
1 0.419922 0.626953 0.082031 0.058594
1 0.269531 0.796875 0.148438 0.140625
1 0.150391 0.687500 0.128906 0.085938
1 0.595703 0.576172 0.042969 0.035156
1 0.750000 0.488281 0.054688 0.054688
1 0.804688 0.421875 0.078125 0.070312
1 0.791016 0.750000 0.058594 0.054688
1 0.667969 0.650391 0.039062 0.027344
0 0.500000 0.453125 0.921875 0.851562
