1 0.826172 0.373047 0.074219 0.074219
1 0.779297 0.320312 0.066406 0.085938
1 0.708984 0.623047 0.082031 0.074219
1 0.875000 0.689453 0.046875 0.050781
1 0.839844 0.740234 0.031250 0.035156
1 0.755859 0.847656 0.058594 0.039062
1 0.451172 0.701172 0.042969 0.035156
1 0.330078 0.669922 0.058594 0.113281
1 0.251953 0.679688 0.050781 0.101562
1 0.171875 0.626953 0.039062 0.035156
1 0.289062 0.541016 0.046875 0.042969
1 0.406250 0.517578 0.046875 0.042969
1 0.187500 0.421875 0.117188 0.132812
1 0.425781 0.285156 0.062500 0.085938
1 0.333984 0.250000 0.050781 0.101562
