1 0.339844 0.257812 0.164062 0.148438
1 0.167969 0.419922 0.054688 0.050781
1 0.226562 0.464844 0.023438 0.046875
1 0.306641 0.443359 0.042969 0.027344
1 0.359375 0.400391 0.093750 0.097656
1 0.287109 0.634766 0.105469 0.105469
1 0.455078 0.552734 0.074219 0.082031
1 0.480469 0.451172 0.046875 0.089844
1 0.480469 0.257812 0.031250 0.031250
1 0.537109 0.169922 0.074219 0.066406
1 0.576172 0.251953 0.050781 0.058594
1 0.554688 0.437500 0.039062 0.039062
1 0.662109 0.480469 0.027344 0.031250
1 0.562500 0.576172 0.070312 0.074219
1 0.613281 0.673828 0.054688 0.058594
1 0.693359 0.761719 0.066406 0.085938
1 0.814453 0.830078 0.042969 0.042969
1 0.875000 0.619141 0.101562 0.144531
1 0.871094 0.386719 0.085938 0.085938
1 0.820312 0.312500 0.093750 0.070312
0 0.519531 0.498047 0.851562 0.832031
