1 0.347656 0.300781 0.054688 0.062500
1 0.197266 0.486328 0.042969 0.058594
1 0.476562 0.552734 0.046875 0.035156
1 0.435547 0.683594 0.035156 0.046875
1 0.394531 0.755859 0.046875 0.042969
1 0.314453 0.847656 0.035156 0.031250
1 0.263672 0.921875 0.042969 0.062500
1 0.419922 0.880859 0.042969 0.074219
1 0.320312 0.617188 0.031250 0.023438
1 0.466797 0.355469 0.050781 0.054688
1 0.722656 0.246094 0.039062 0.046875
1 0.857422 0.496094 0.097656 0.125000
1 0.837891 0.669922 0.035156 0.050781
1 0.792969 0.757812 0.031250 0.039062
1 0.591797 0.791016 0.050781 0.035156
1 0.582031 0.408203 0.039062 0.042969
0 0.507812 0.496094 0.890625 0.945312
