1 0.177734 0.714844 0.058594 0.046875
1 0.332031 0.644531 0.046875 0.046875
1 0.390625 0.644531 0.046875 0.046875
1 0.333984 0.544922 0.089844 0.066406
1 0.349609 0.480469 0.058594 0.046875
1 0.398438 0.447266 0.054688 0.050781
1 0.460938 0.492188 0.046875 0.046875
1 0.562500 0.556641 0.046875 0.050781
1 0.595703 0.476562 0.050781 0.046875
1 0.562500 0.361328 0.054688 0.058594
1 0.542969 0.269531 0.054688 0.054688
1 0.558594 0.169922 0.054688 0.050781
1 0.898438 0.404297 0.039062 0.042969
0 0.542969 0.476562 0.914062 0.898438
