1 0.798828 0.703125 0.058594 0.062500
1 0.708984 0.849609 0.050781 0.035156
1 0.613281 0.750000 0.046875 0.039062
1 0.259766 0.855469 0.074219 0.062500
1 0.214844 0.472656 0.031250 0.031250
1 0.201172 0.355469 0.058594 0.046875
1 0.525391 0.353516 0.058594 0.066406
1 0.623047 0.341797 0.066406 0.050781
1 0.617188 0.281250 0.062500 0.054688
1 0.628906 0.214844 0.046875 0.039062
1 0.742188 0.341797 0.062500 0.058594
1 0.916016 0.763672 0.042969 0.035156
1 0.890625 0.808594 0.054688 0.039062
1 0.441406 0.554688 0.046875 0.039062
