1 0.603516 0.208984 0.066406 0.066406
1 0.523438 0.214844 0.062500 0.054688
1 0.414062 0.150391 0.039062 0.042969
1 0.412109 0.279297 0.035156 0.035156
1 0.371094 0.316406 0.046875 0.031250
1 0.218750 0.410156 0.031250 0.031250
1 0.183594 0.724609 0.054688 0.050781
1 0.324219 0.742188 0.039062 0.039062
1 0.402344 0.750000 0.031250 0.031250
1 0.662109 0.734375 0.050781 0.039062
1 0.738281 0.660156 0.046875 0.046875
1 0.837891 0.828125 0.066406 0.039062
1 0.816406 0.615234 0.054688 0.042969
1 0.791016 0.425781 0.058594 0.046875
1 0.728516 0.294922 0.035156 0.035156
1 0.617188 0.283203 0.046875 0.042969
1 0.667969 0.265625 0.031250 0.031250
1 0.664062 0.378906 0.046875 0.031250
1 0.869141 0.568359 0.066406 0.058594
1 0.880859 0.654297 0.042969 0.035156
1 0.845703 0.753906 0.035156 0.023438
