1 0.498047 0.417969 0.152344 0.117188
1 0.546875 0.330078 0.070312 0.058594
1 0.392578 0.515625 0.058594 0.062500
1 0.583984 0.601562 0.105469 0.078125
1 0.771484 0.609375 0.066406 0.078125
1 0.679688 0.689453 0.062500 0.058594
1 0.638672 0.519531 0.050781 0.054688
1 0.359375 0.626953 0.109375 0.074219
1 0.152344 0.611328 0.046875 0.089844
1 0.166016 0.537109 0.027344 0.035156
1 0.320312 0.710938 0.054688 0.085938
1 0.427734 0.832031 0.035156 0.039062
1 0.439453 0.675781 0.050781 0.101562
1 0.298828 0.539062 0.042969 0.039062
1 0.251953 0.642578 0.027344 0.035156
0 0.460938 0.472656 0.804688 0.890625
