1 0.664062 0.425781 0.101562 0.132812
1 0.775391 0.339844 0.066406 0.062500
1 0.732422 0.634766 0.058594 0.058594
1 0.474609 0.580078 0.144531 0.144531
1 0.314453 0.570312 0.066406 0.039062
1 0.302734 0.468750 0.082031 0.070312
1 0.199219 0.599609 0.054688 0.035156
1 0.091797 0.720703 0.074219 0.058594
1 0.203125 0.689453 0.085938 0.058594
1 0.244141 0.835938 0.050781 0.046875
1 0.878906 0.755859 0.109375 0.105469
1 0.832031 0.832031 0.062500 0.031250
1 0.763672 0.845703 0.027344 0.027344
1 0.626953 0.833984 0.042969 0.027344
1 0.632812 0.648438 0.046875 0.093750
1 0.439453 0.310547 0.050781 0.113281
1 0.828125 0.576172 0.031250 0.042969
