1 0.468750 0.218750 0.093750 0.062500
1 0.810547 0.289062 0.066406 0.062500
1 0.761719 0.343750 0.062500 0.054688
1 0.632812 0.353516 0.062500 0.050781
1 0.410156 0.406250 0.070312 0.109375
1 0.404297 0.314453 0.050781 0.042969
1 0.353516 0.527344 0.035156 0.039062
1 0.535156 0.542969 0.039062 0.046875
1 0.404297 0.615234 0.042969 0.050781
1 0.394531 0.687500 0.093750 0.062500
1 0.173828 0.734375 0.074219 0.078125
1 0.275391 0.835938 0.042969 0.046875
1 0.726562 0.652344 0.117188 0.132812
1 0.873047 0.656250 0.082031 0.171875
1 0.900391 0.439453 0.035156 0.050781
0 0.517578 0.484375 0.910156 0.843750
