1 0.187500 0.406250 0.046875 0.085938
1 0.298828 0.402344 0.097656 0.078125
1 0.285156 0.251953 0.062500 0.097656
1 0.417969 0.332031 0.078125 0.093750
1 0.210938 0.626953 0.062500 0.050781
1 0.115234 0.660156 0.097656 0.164062
1 0.152344 0.806641 0.031250 0.042969
1 0.244141 0.750000 0.050781 0.046875
1 0.269531 0.835938 0.062500 0.054688
1 0.369141 0.755859 0.058594 0.082031
1 0.312500 0.654297 0.070312 0.082031
1 0.396484 0.566406 0.066406 0.070312
1 0.464844 0.478516 0.039062 0.042969
1 0.535156 0.421875 0.054688 0.054688
1 0.666016 0.646484 0.050781 0.058594
1 0.771484 0.638672 0.042969 0.042969
1 0.851562 0.488281 0.085938 0.125000
1 0.724609 0.404297 0.058594 0.042969
1 0.597656 0.226562 0.046875 0.093750
1 0.507812 0.148438 0.062500 0.039062
1 0.705078 0.181641 0.058594 0.042969
0 0.496094 0.462891 0.875000 0.902344
