1 0.304688 0.310547 0.046875 0.066406
1 0.236328 0.330078 0.058594 0.042969
1 0.158203 0.398438 0.066406 0.093750
1 0.267578 0.521484 0.074219 0.089844
1 0.207031 0.556641 0.078125 0.074219
1 0.113281 0.591797 0.062500 0.113281
1 0.261719 0.833984 0.265625 0.222656
1 0.576172 0.597656 0.128906 0.117188
1 0.425781 0.386719 0.085938 0.156250
1 0.431641 0.242188 0.027344 0.039062
1 0.535156 0.236328 0.054688 0.089844
1 0.578125 0.197266 0.039062 0.042969
1 0.621094 0.414062 0.054688 0.125000
1 0.767578 0.439453 0.113281 0.074219
1 0.785156 0.583984 0.117188 0.152344
1 0.701172 0.916016 0.058594 0.042969
1 0.867188 0.755859 0.046875 0.058594
0 0.484375 0.505859 0.851562 0.964844
