1 0.255859 0.421875 0.042969 0.039062
1 0.308594 0.521484 0.031250 0.035156
1 0.294922 0.617188 0.042969 0.031250
1 0.183594 0.675781 0.039062 0.031250
1 0.423828 0.546875 0.082031 0.046875
1 0.404297 0.609375 0.113281 0.046875
1 0.541016 0.472656 0.042969 0.109375
1 0.640625 0.287109 0.085938 0.074219
1 0.781250 0.416016 0.054688 0.050781
1 0.841797 0.371094 0.058594 0.054688
1 0.832031 0.654297 0.062500 0.082031
1 0.824219 0.812500 0.039062 0.046875
1 0.630859 0.212891 0.035156 0.035156
1 0.322266 0.455078 0.035156 0.027344
