4 0.324219 0.485380 0.046875 0.058480
4 0.171875 0.827485 0.054688 0.099415
4 0.150391 0.938596 0.035156 0.076023
4 0.265625 0.953216 0.054688 0.093567
4 0.228516 0.853801 0.027344 0.046784
4 0.679688 0.897661 0.078125 0.099415
4 0.492188 0.754386 0.039062 0.093567
4 0.242188 0.666667 0.031250 0.035088
4 0.148438 0.654971 0.046875 0.093567
4 0.248047 0.511696 0.050781 0.040936
4 0.175781 0.423977 0.046875 0.052632
4 0.167969 0.254386 0.039062 0.052632
4 0.492188 0.450292 0.078125 0.140351
4 0.601562 0.397661 0.023438 0.046784
4 0.626953 0.540936 0.035156 0.122807
4 0.601562 0.760234 0.039062 0.046784
4 0.800781 0.725146 0.039062 0.105263
4 0.687500 0.646199 0.023438 0.052632
4 0.332031 0.362573 0.039062 0.046784
4 0.289062 0.383041 0.039062 0.040936
4 0.234375 0.421053 0.046875 0.046784
4 0.218750 0.450292 0.039062 0.035088
4 0.312500 0.330409 0.031250 0.040936
4 0.326172 0.277778 0.027344 0.040936
4 0.376953 0.321637 0.027344 0.046784
4 0.337891 0.195906 0.042969 0.040936
4 0.369141 0.105263 0.027344 0.070175
4 0.257812 0.184211 0.046875 0.064327
4 0.191406 0.216374 0.062500 0.046784
4 0.117188 0.274854 0.062500 0.081871
4 0.085938 0.447368 0.054688 0.064327
4 0.136719 0.482456 0.046875 0.052632
4 0.261719 0.102339 0.039062 0.052632
4 0.341797 0.038012 0.066406 0.064327
4 0.742188 0.926901 0.023438 0.040936
4 0.884766 0.652047 0.058594 0.076023
4 0.910156 0.391813 0.046875 0.046784
4 0.339844 0.906433 0.031250 0.046784
4 0.564453 0.324561 0.058594 0.064327
3 0.361328 0.511696 0.558594 0.976608
3 0.738281 0.590643 0.492188 0.818713
