4 0.384766 0.544025 0.058594 0.069182
4 0.339844 0.701258 0.093750 0.106918
4 0.273438 0.531447 0.085938 0.157233
4 0.207031 0.396226 0.078125 0.138365
4 0.320312 0.383648 0.093750 0.138365
4 0.417969 0.352201 0.085938 0.150943
4 0.384766 0.261006 0.191406 0.069182
4 0.367188 0.581761 0.125000 0.169811
4 0.435547 0.471698 0.121094 0.125786
4 0.507812 0.575472 0.093750 0.132075
4 0.345703 0.833333 0.144531 0.144654
4 0.306641 0.801887 0.160156 0.308176
4 0.171875 0.710692 0.085938 0.125786
3 0.347656 0.559748 0.500000 0.779874
3 0.746094 0.484277 0.382812 0.654088
4 0.662109 0.380503 0.105469 0.157233
4 0.757812 0.342767 0.062500 0.106918
4 0.814453 0.355346 0.066406 0.207547
4 0.892578 0.446541 0.050781 0.138365
4 0.697266 0.556604 0.097656 0.182390
4 0.621094 0.490566 0.078125 0.138365
4 0.763672 0.465409 0.105469 0.188679
