3 0.339844 0.500000 0.671875 0.987261
3 0.761719 0.496815 0.476562 0.980892
4 0.544922 0.681529 0.058594 0.101911
4 0.472656 0.589172 0.093750 0.171975
4 0.402344 0.621019 0.101562 0.095541
4 0.265625 0.729299 0.078125 0.121019
4 0.214844 0.640127 0.062500 0.108280
4 0.142578 0.464968 0.089844 0.127389
4 0.091797 0.337580 0.066406 0.076433
4 0.052734 0.378981 0.066406 0.108280
4 0.289062 0.515924 0.117188 0.165605
4 0.275391 0.312102 0.089844 0.229299
4 0.378906 0.238854 0.070312 0.095541
4 0.335938 0.124204 0.070312 0.133758
4 0.242188 0.082803 0.062500 0.076433
4 0.429688 0.407643 0.101562 0.178344
4 0.515625 0.340764 0.093750 0.248408
4 0.574219 0.222930 0.078125 0.089172
4 0.607422 0.356688 0.050781 0.152866
4 0.589844 0.500000 0.085938 0.095541
4 0.240234 0.891720 0.089844 0.089172
4 0.625000 0.799363 0.062500 0.095541
4 0.707031 0.713376 0.140625 0.216561
4 0.812500 0.869427 0.132812 0.222930
4 0.898438 0.742038 0.093750 0.082803
4 0.839844 0.671975 0.101562 0.133758
4 0.802734 0.547771 0.183594 0.152866
4 0.724609 0.245223 0.207031 0.363057
4 0.921875 0.347134 0.156250 0.541401
