4 0.611328 0.892857 0.097656 0.214286
4 0.509766 0.918367 0.113281 0.163265
4 0.382812 0.903061 0.093750 0.173469
4 0.388672 0.673469 0.074219 0.306122
4 0.498047 0.219388 0.050781 0.255102
4 0.667969 0.265306 0.054688 0.183673
3 0.505859 0.673469 0.371094 0.653061
4 0.158203 0.841837 0.066406 0.091837
4 0.251953 0.877551 0.042969 0.102041
4 0.029297 0.653061 0.050781 0.163265
4 0.091797 0.617347 0.082031 0.193878
4 0.029297 0.352041 0.050781 0.234694
4 0.384766 0.056122 0.050781 0.091837
4 0.984375 0.719388 0.031250 0.234694
3 0.177734 0.831633 0.246094 0.336735
3 0.105469 0.525510 0.203125 0.908163
