4 0.285156 0.548913 0.046875 0.065217
4 0.216797 0.483696 0.066406 0.097826
4 0.296875 0.421196 0.085938 0.081522
4 0.193359 0.573370 0.089844 0.081522
4 0.378906 0.570652 0.070312 0.086957
4 0.322266 0.671196 0.082031 0.103261
4 0.689453 0.301630 0.105469 0.114130
4 0.830078 0.461957 0.035156 0.065217
4 0.910156 0.559783 0.085938 0.108696
4 0.742188 0.548913 0.093750 0.097826
4 0.701172 0.736413 0.082031 0.081522
4 0.798828 0.725543 0.074219 0.114130
4 0.832031 0.625000 0.093750 0.141304
4 0.900391 0.676630 0.089844 0.114130
4 0.832031 0.820652 0.070312 0.076087
3 0.265625 0.567935 0.421875 0.548913
3 0.808594 0.673913 0.382812 0.652174
3 0.734375 0.176630 0.375000 0.342391
4 0.744141 0.222826 0.136719 0.065217
4 0.708984 0.263587 0.074219 0.070652
4 0.917969 0.823370 0.078125 0.146739
