4 0.484375 0.554688 0.145833 0.085938
4 0.307292 0.439453 0.114583 0.113281
4 0.442708 0.445312 0.145833 0.109375
4 0.406250 0.289062 0.145833 0.125000
4 0.588542 0.222656 0.125000 0.085938
4 0.705729 0.234375 0.109375 0.101562
4 0.601562 0.330078 0.140625 0.113281
4 0.677083 0.503906 0.260417 0.148438
4 0.890625 0.544922 0.208333 0.199219
4 0.658854 0.632812 0.151042 0.093750
4 0.544271 0.675781 0.119792 0.140625
4 0.677083 0.804688 0.177083 0.140625
4 0.471354 0.101562 0.119792 0.109375
3 0.515625 0.453125 0.968750 0.851562
