4 0.628906 0.338798 0.070312 0.098361
4 0.535156 0.360656 0.109375 0.120219
4 0.507812 0.516393 0.117188 0.158470
4 0.527344 0.710383 0.109375 0.098361
4 0.482422 0.816940 0.089844 0.092896
4 0.351562 0.816940 0.148438 0.147541
4 0.207031 0.726776 0.125000 0.174863
4 0.390625 0.666667 0.164062 0.142077
4 0.224609 0.551913 0.160156 0.163934
4 0.091797 0.439891 0.089844 0.234973
4 0.035156 0.445355 0.046875 0.180328
4 0.109375 0.281421 0.117188 0.092896
4 0.132812 0.155738 0.078125 0.147541
4 0.191406 0.098361 0.078125 0.120219
4 0.238281 0.259563 0.125000 0.191257
4 0.199219 0.382514 0.164062 0.163934
4 0.294922 0.103825 0.097656 0.142077
4 0.384766 0.163934 0.082031 0.120219
4 0.462891 0.237705 0.050781 0.169399
4 0.681641 0.256831 0.089844 0.098361
4 0.580078 0.256831 0.097656 0.109290
4 0.429688 0.366120 0.101562 0.142077
4 0.375000 0.278689 0.101562 0.142077
4 0.343750 0.420765 0.148438 0.207650
4 0.369141 0.535519 0.160156 0.174863
4 0.699219 0.461749 0.070312 0.136612
4 0.613281 0.428962 0.117188 0.114754
4 0.712891 0.346995 0.082031 0.103825
4 0.589844 0.562842 0.078125 0.142077
4 0.591797 0.685792 0.066406 0.125683
3 0.390625 0.475410 0.773438 0.939891
