3 0.501953 0.502137 0.996094 0.995726
4 0.318359 0.232906 0.175781 0.149573
4 0.179688 0.288462 0.109375 0.149573
4 0.058594 0.356838 0.109375 0.243590
4 0.277344 0.564103 0.117188 0.256410
4 0.126953 0.576923 0.175781 0.341880
4 0.154297 0.839744 0.230469 0.200855
4 0.626953 0.882479 0.183594 0.158120
4 0.791016 0.658120 0.144531 0.179487
4 0.630859 0.767094 0.136719 0.132479
4 0.529297 0.581197 0.113281 0.179487
4 0.472656 0.414530 0.218750 0.170940
4 0.433594 0.121795 0.304688 0.235043
4 0.199219 0.100427 0.093750 0.089744
4 0.712891 0.346154 0.332031 0.632479
