3 0.512448 0.509766 0.975104 0.980469
4 0.149378 0.173828 0.190871 0.160156
4 0.419087 0.214844 0.091286 0.070312
4 0.288382 0.136719 0.112033 0.085938
4 0.294606 0.041016 0.082988 0.074219
4 0.255187 0.470703 0.153527 0.097656
4 0.165975 0.369141 0.099585 0.144531
4 0.286307 0.324219 0.124481 0.109375
4 0.103734 0.621094 0.099585 0.187500
4 0.327801 0.632812 0.074689 0.062500
4 0.255187 0.542969 0.053942 0.062500
4 0.375519 0.548828 0.070539 0.058594
4 0.502075 0.484375 0.116183 0.148438
4 0.429461 0.363281 0.062241 0.054688
4 0.713693 0.378906 0.074689 0.078125
4 0.686722 0.472656 0.045643 0.031250
4 0.705394 0.570312 0.157676 0.085938
4 0.885892 0.521484 0.095436 0.136719
4 0.910788 0.406250 0.070539 0.046875
4 0.896266 0.302734 0.058091 0.058594
4 0.867220 0.162109 0.107884 0.097656
4 0.863071 0.607422 0.107884 0.128906
4 0.587137 0.728516 0.278008 0.175781
4 0.365145 0.744141 0.132780 0.105469
4 0.556017 0.873047 0.207469 0.144531
