3 0.521484 0.502604 0.957031 0.994792
4 0.482422 0.598958 0.167969 0.145833
4 0.214844 0.559896 0.140625 0.151042
4 0.115234 0.463542 0.105469 0.104167
4 0.197266 0.270833 0.136719 0.302083
4 0.558594 0.317708 0.085938 0.104167
4 0.710938 0.200521 0.109375 0.109375
4 0.671875 0.114583 0.078125 0.093750
4 0.839844 0.138021 0.117188 0.109375
4 0.681641 0.453125 0.089844 0.156250
4 0.824219 0.531250 0.148438 0.177083
4 0.720703 0.695312 0.261719 0.328125
4 0.507812 0.799479 0.171875 0.151042
4 0.359375 0.783854 0.117188 0.119792
4 0.312500 0.674479 0.109375 0.109375
4 0.347656 0.419271 0.218750 0.286458
4 0.503906 0.934896 0.101562 0.130208
