3 0.656250 0.505882 0.601562 0.988235
4 0.550781 0.500000 0.039062 0.082353
4 0.460938 0.629412 0.062500 0.070588
4 0.652344 0.288235 0.054688 0.105882
4 0.789062 0.476471 0.117188 0.117647
4 0.753906 0.597059 0.117188 0.147059
4 0.753906 0.770588 0.195312 0.176471
4 0.732422 0.911765 0.136719 0.129412
4 0.601562 0.776471 0.140625 0.211765
4 0.515625 0.711765 0.070312 0.070588
4 0.435547 0.476471 0.121094 0.164706
4 0.453125 0.267647 0.093750 0.135294
4 0.746094 0.117647 0.078125 0.129412
4 0.613281 0.505882 0.093750 0.188235
4 0.839844 0.352941 0.093750 0.117647
4 0.753906 0.282353 0.093750 0.058824
4 0.849609 0.188235 0.097656 0.141176
4 0.546875 0.229412 0.078125 0.105882
4 0.484375 0.135294 0.109375 0.117647
