4 0.240000 0.569277 0.064000 0.078313
4 0.290000 0.834337 0.068000 0.102410
4 0.630000 0.837349 0.068000 0.108434
4 0.788000 0.256024 0.080000 0.150602
4 0.864000 0.117470 0.120000 0.150602
4 0.472000 0.506024 0.176000 0.313253
4 0.324000 0.620482 0.112000 0.180723
4 0.536000 0.722892 0.064000 0.084337
4 0.422000 0.716867 0.060000 0.084337
4 0.606000 0.602410 0.116000 0.132530
4 0.844000 0.400602 0.040000 0.066265
4 0.656000 0.153614 0.080000 0.090361
4 0.544000 0.054217 0.056000 0.084337
4 0.646000 0.259036 0.092000 0.084337
4 0.582000 0.316265 0.052000 0.078313
4 0.704000 0.328313 0.032000 0.078313
3 0.442000 0.653614 0.692000 0.632530
3 0.724000 0.325301 0.464000 0.638554
3 0.102000 0.882530 0.196000 0.234940
