4 0.765625 0.507463 0.125000 0.179104
4 0.654297 0.444030 0.082031 0.141791
4 0.681641 0.253731 0.050781 0.149254
4 0.572266 0.406716 0.058594 0.111940
4 0.505859 0.656716 0.066406 0.104478
4 0.787109 0.194030 0.058594 0.089552
4 0.736328 0.152985 0.058594 0.111940
4 0.650391 0.138060 0.058594 0.067164
3 0.714844 0.365672 0.375000 0.611940
3 0.490234 0.697761 0.191406 0.440299
3 0.109375 0.686567 0.210938 0.462687
3 0.173828 0.186567 0.160156 0.358209
3 0.351562 0.921642 0.226562 0.156716
3 0.912109 0.813433 0.175781 0.328358
4 0.503906 0.791045 0.078125 0.104478
4 0.658203 0.574627 0.058594 0.119403
4 0.443359 0.708955 0.050781 0.149254
4 0.080078 0.682836 0.066406 0.126866
4 0.037109 0.548507 0.058594 0.097015
4 0.208984 0.313433 0.035156 0.059701
4 0.140625 0.320896 0.078125 0.089552
4 0.134766 0.067164 0.058594 0.089552
4 0.050781 0.847015 0.062500 0.082090
4 0.156250 0.839552 0.078125 0.141791
4 0.609375 0.305970 0.062500 0.104478
4 0.894531 0.735075 0.046875 0.097015
4 0.957031 0.880597 0.062500 0.134328
4 0.869141 0.888060 0.074219 0.119403
