3 0.482422 0.763021 0.433594 0.473958
3 0.664062 0.250000 0.320312 0.479167
4 0.396484 0.705729 0.105469 0.078125
4 0.453125 0.617188 0.085938 0.078125
4 0.683594 0.276042 0.046875 0.083333
4 0.650391 0.872396 0.058594 0.078125
4 0.332031 0.875000 0.101562 0.093750
4 0.505859 0.968750 0.058594 0.062500
4 0.613281 0.934896 0.085938 0.119792
4 0.390625 0.778646 0.125000 0.130208
4 0.599609 0.640625 0.113281 0.093750
4 0.285156 0.658854 0.093750 0.088542
4 0.609375 0.341146 0.062500 0.098958
4 0.763672 0.289062 0.074219 0.140625
4 0.746094 0.117188 0.093750 0.067708
