3 0.505208 0.476562 0.968750 0.867188
4 0.416667 0.298828 0.145833 0.105469
4 0.294271 0.433594 0.130208 0.125000
4 0.442708 0.445312 0.166667 0.140625
4 0.479167 0.542969 0.156250 0.101562
4 0.664062 0.490234 0.255208 0.121094
4 0.765625 0.554688 0.093750 0.062500
4 0.890625 0.541016 0.218750 0.207031
4 0.604167 0.333984 0.166667 0.097656
4 0.588542 0.220703 0.135417 0.105469
4 0.692708 0.234375 0.125000 0.101562
4 0.539062 0.671875 0.151042 0.132812
4 0.664062 0.646484 0.140625 0.113281
4 0.684896 0.818359 0.182292 0.160156
