3 0.489712 0.541016 0.864198 0.871094
4 0.230453 0.333984 0.115226 0.097656
4 0.362140 0.207031 0.090535 0.078125
4 0.473251 0.246094 0.106996 0.109375
4 0.553498 0.316406 0.135802 0.179688
4 0.522634 0.472656 0.181070 0.148438
4 0.493827 0.615234 0.082305 0.066406
4 0.296296 0.615234 0.106996 0.089844
4 0.683128 0.486328 0.115226 0.082031
4 0.812757 0.501953 0.185185 0.269531
4 0.763374 0.617188 0.218107 0.132812
4 0.310700 0.791016 0.185185 0.113281
4 0.633745 0.740234 0.106996 0.113281
4 0.617284 0.890625 0.148148 0.140625
4 0.899177 0.859375 0.185185 0.140625
