3 0.486328 0.574194 0.324219 0.554839
3 0.697266 0.725806 0.285156 0.548387
3 0.892578 0.135484 0.214844 0.258065
3 0.287109 0.761290 0.238281 0.245161
4 0.435547 0.396774 0.074219 0.122581
4 0.371094 0.712903 0.039062 0.070968
4 0.312500 0.690323 0.046875 0.077419
4 0.248047 0.716129 0.058594 0.051613
4 0.457031 0.622581 0.117188 0.096774
4 0.398438 0.519355 0.062500 0.135484
4 0.492188 0.483871 0.078125 0.103226
4 0.716797 0.616129 0.042969 0.096774
4 0.787109 0.583871 0.058594 0.083871
4 0.669922 0.800000 0.050781 0.090323
4 0.628906 0.919355 0.109375 0.148387
4 0.869141 0.151613 0.066406 0.109677
