4 0.707031 0.697059 0.093750 0.123529
4 0.667969 0.573529 0.117188 0.100000
4 0.716797 0.244118 0.082031 0.088235
4 0.638672 0.270588 0.066406 0.082353
4 0.580078 0.185294 0.074219 0.088235
4 0.480469 0.155882 0.148438 0.123529
4 0.494141 0.282353 0.113281 0.129412
4 0.373047 0.267647 0.105469 0.100000
4 0.296875 0.264706 0.125000 0.117647
4 0.298828 0.385294 0.144531 0.123529
4 0.232422 0.458824 0.152344 0.105882
4 0.201172 0.529412 0.183594 0.082353
4 0.425781 0.376471 0.078125 0.117647
4 0.498047 0.411765 0.097656 0.105882
4 0.570312 0.405882 0.062500 0.152941
4 0.595703 0.288235 0.082031 0.152941
4 0.640625 0.397059 0.093750 0.205882
4 0.644531 0.732353 0.078125 0.182353
4 0.718750 0.791176 0.070312 0.088235
4 0.572266 0.811765 0.082031 0.105882
4 0.468750 0.791176 0.117188 0.111765
4 0.373047 0.761765 0.144531 0.111765
4 0.333984 0.670588 0.105469 0.129412
4 0.250000 0.576471 0.156250 0.141176
4 0.347656 0.523529 0.117188 0.188235
4 0.460938 0.497059 0.085938 0.123529
4 0.539062 0.517647 0.101562 0.152941
4 0.587891 0.582353 0.074219 0.188235
4 0.570312 0.694118 0.101562 0.164706
4 0.468750 0.641176 0.140625 0.223529
3 0.462891 0.485294 0.660156 0.782353
