4 0.395833 0.392578 0.083333 0.050781
4 0.226562 0.339844 0.067708 0.054688
4 0.200521 0.408203 0.078125 0.066406
4 0.140625 0.404297 0.145833 0.121094
4 0.283854 0.267578 0.057292 0.042969
4 0.502604 0.310547 0.067708 0.058594
4 0.609375 0.710938 0.083333 0.054688
4 0.614583 0.585938 0.093750 0.070312
4 0.559896 0.554688 0.088542 0.054688
4 0.734375 0.554688 0.083333 0.070312
4 0.755208 0.708984 0.041667 0.035156
4 0.731771 0.658203 0.078125 0.050781
4 0.692708 0.673828 0.072917 0.050781
4 0.812500 0.601562 0.041667 0.039062
4 0.442708 0.742188 0.083333 0.070312
4 0.367188 0.662109 0.088542 0.074219
4 0.424479 0.558594 0.057292 0.078125
4 0.653646 0.783203 0.161458 0.074219
4 0.278646 0.732422 0.057292 0.058594
3 0.523438 0.480469 0.921875 0.687500
4 0.059896 0.816406 0.109375 0.070312
4 0.161458 0.863281 0.125000 0.070312
4 0.093750 0.890625 0.104167 0.070312
