3 0.500000 0.549479 0.585938 0.796875
3 0.162109 0.716146 0.316406 0.567708
3 0.845703 0.164062 0.285156 0.317708
3 0.888672 0.877604 0.222656 0.244792
4 0.539062 0.585938 0.078125 0.119792
4 0.394531 0.593750 0.117188 0.135417
4 0.283203 0.627604 0.121094 0.109375
4 0.273438 0.481771 0.109375 0.130208
4 0.320312 0.341146 0.109375 0.130208
4 0.429688 0.367188 0.078125 0.109375
4 0.421875 0.471354 0.171875 0.109375
4 0.541016 0.489583 0.082031 0.114583
4 0.505859 0.341146 0.113281 0.171875
4 0.601562 0.255208 0.101562 0.187500
4 0.619141 0.437500 0.105469 0.166667
4 0.632812 0.593750 0.109375 0.166667
4 0.564453 0.710938 0.144531 0.151042
4 0.466797 0.726562 0.144531 0.130208
4 0.365234 0.700521 0.152344 0.088542
4 0.201172 0.838542 0.089844 0.083333
4 0.126953 0.825521 0.152344 0.151042
4 0.080078 0.666667 0.105469 0.156250
4 0.093750 0.539062 0.140625 0.119792
4 0.705078 0.346354 0.105469 0.140625
4 0.417969 0.270833 0.062500 0.072917
4 0.871094 0.119792 0.125000 0.104167
4 0.792969 0.052083 0.078125 0.093750
4 0.904297 0.059896 0.128906 0.109375
4 0.933594 0.187500 0.078125 0.114583
4 0.890625 0.466146 0.046875 0.109375
4 0.972656 0.557292 0.054688 0.062500
4 0.937500 0.833333 0.062500 0.093750
4 0.935547 0.937500 0.128906 0.093750
