3 0.437500 0.471204 0.625000 0.931937
4 0.527344 0.557592 0.054688 0.068063
4 0.660156 0.586387 0.078125 0.115183
4 0.710938 0.489529 0.062500 0.078534
4 0.603516 0.340314 0.050781 0.073298
4 0.544922 0.374346 0.066406 0.068063
4 0.496094 0.408377 0.070312 0.062827
4 0.414062 0.502618 0.046875 0.083770
4 0.376953 0.568063 0.058594 0.109948
4 0.378906 0.468586 0.062500 0.089005
4 0.314453 0.384817 0.082031 0.109948
4 0.248047 0.494764 0.074219 0.078534
4 0.541016 0.706806 0.066406 0.083770
4 0.472656 0.722513 0.039062 0.041885
4 0.435547 0.709424 0.042969 0.068063
4 0.353516 0.774869 0.058594 0.052356
4 0.632812 0.869110 0.085938 0.104712
