4 0.265625 0.800000 0.046875 0.040816
4 0.083984 0.838776 0.050781 0.036735
4 0.271484 0.544898 0.042969 0.036735
4 0.511719 0.587755 0.250000 0.253061
4 0.726562 0.679592 0.039062 0.036735
4 0.667969 0.657143 0.031250 0.024490
4 0.750000 0.600000 0.062500 0.057143
4 0.509766 0.234694 0.050781 0.044898
4 0.425781 0.159184 0.062500 0.073469
4 0.453125 0.955102 0.031250 0.032653
4 0.560547 0.965306 0.058594 0.044898
4 0.289062 0.910204 0.039062 0.040816
4 0.386719 0.453061 0.070312 0.097959
4 0.517578 0.412245 0.105469 0.097959
3 0.519531 0.463265 0.773438 0.844898
3 0.339844 0.800000 0.671875 0.400000
