4 0.489583 0.513672 0.114583 0.074219
4 0.348958 0.531250 0.072917 0.062500
4 0.286458 0.447266 0.114583 0.058594
4 0.416667 0.449219 0.083333 0.039062
4 0.533854 0.445312 0.078125 0.054688
4 0.591146 0.523438 0.057292 0.062500
4 0.575521 0.607422 0.098958 0.074219
4 0.463542 0.587891 0.104167 0.066406
4 0.401042 0.664062 0.083333 0.078125
4 0.328125 0.578125 0.197917 0.093750
4 0.257812 0.509766 0.098958 0.050781
4 0.440104 0.740234 0.119792 0.113281
4 0.320312 0.714844 0.140625 0.164062
4 0.195312 0.580078 0.098958 0.066406
4 0.252604 0.423828 0.161458 0.082031
4 0.619792 0.447266 0.125000 0.113281
4 0.653646 0.572266 0.109375 0.167969
3 0.395833 0.580078 0.677083 0.613281
