4 0.564453 0.437500 0.074219 0.103261
4 0.138672 0.451087 0.058594 0.076087
4 0.212891 0.728261 0.121094 0.130435
4 0.458984 0.904891 0.066406 0.114130
4 0.373047 0.777174 0.089844 0.130435
4 0.324219 0.532609 0.101562 0.184783
4 0.298828 0.347826 0.089844 0.173913
4 0.230469 0.222826 0.085938 0.152174
4 0.316406 0.176630 0.101562 0.168478
4 0.554688 0.171196 0.109375 0.135870
4 0.474609 0.331522 0.167969 0.152174
4 0.367188 0.345109 0.125000 0.168478
4 0.542969 0.736413 0.140625 0.146739
4 0.558594 0.603261 0.117188 0.119565
4 0.730469 0.407609 0.156250 0.336957
4 0.726562 0.695652 0.140625 0.130435
4 0.863281 0.717391 0.101562 0.119565
4 0.660156 0.913043 0.187500 0.173913
4 0.843750 0.926630 0.109375 0.125000
4 0.433594 0.581522 0.101562 0.108696
3 0.498047 0.524457 0.988281 0.951087
