3 0.568359 0.513021 0.863281 0.973958
4 0.574219 0.236979 0.085938 0.098958
4 0.544922 0.320312 0.058594 0.067708
4 0.496094 0.401042 0.101562 0.093750
4 0.759766 0.273438 0.066406 0.088542
4 0.669922 0.750000 0.074219 0.093750
4 0.605469 0.825521 0.101562 0.119792
4 0.433594 0.893229 0.085938 0.088542
4 0.248047 0.809896 0.105469 0.098958
4 0.263672 0.622396 0.160156 0.255208
4 0.419922 0.630208 0.113281 0.135417
4 0.357422 0.505208 0.082031 0.125000
4 0.417969 0.778646 0.210938 0.130208
4 0.523438 0.606771 0.132812 0.161458
4 0.710938 0.541667 0.242188 0.250000
4 0.847656 0.747396 0.164062 0.119792
4 0.876953 0.669271 0.113281 0.109375
4 0.775391 0.911458 0.144531 0.177083
4 0.917969 0.916667 0.156250 0.166667
4 0.583984 0.898438 0.152344 0.130208
4 0.498047 0.966146 0.128906 0.067708
