4 0.725131 0.714844 0.078534 0.039062
4 0.230366 0.613281 0.041885 0.031250
4 0.240838 0.572266 0.083770 0.058594
4 0.109948 0.572266 0.146597 0.089844
4 0.170157 0.490234 0.193717 0.097656
4 0.329843 0.464844 0.146597 0.054688
4 0.204188 0.402344 0.115183 0.085938
4 0.340314 0.365234 0.230366 0.136719
4 0.230366 0.283203 0.146597 0.144531
4 0.473822 0.277344 0.078534 0.054688
4 0.573298 0.294922 0.078534 0.066406
4 0.528796 0.367188 0.125654 0.132812
4 0.662304 0.296875 0.130890 0.117188
4 0.515707 0.484375 0.162304 0.132812
4 0.437173 0.583984 0.183246 0.144531
4 0.507853 0.695312 0.104712 0.070312
4 0.651832 0.660156 0.141361 0.085938
4 0.657068 0.595703 0.225131 0.175781
4 0.829843 0.623047 0.151832 0.144531
4 0.774869 0.470703 0.083770 0.074219
4 0.785340 0.392578 0.115183 0.058594
4 0.756545 0.769531 0.057592 0.031250
4 0.544503 0.806641 0.230366 0.144531
3 0.489529 0.486328 0.968586 0.792969
