0 0.535156 0.466797 0.84375 0.894531 0.422665
1 0.40625 0.255859 0.03125 0.0351562 0.437616
1 0.34375 0.478516 0.0390625 0.0429688 0.459121
1 0.464844 0.494141 0.0546875 0.0507812 0.471814
1 0.361328 0.646484 0.0820312 0.0507812 0.484833
1 0.564453 0.556641 0.0507812 0.0429688 0.52793
1 0.591797 0.478516 0.0507812 0.0429688 0.577942
1 0.386719 0.646484 0.046875 0.0507812 0.673166
1 0.398438 0.445312 0.046875 0.0546875 0.673288
1 0.330078 0.646484 0.0507812 0.0507812 0.693786
1 0.333984 0.542969 0.0898438 0.0625 0.712362
1 0.560547 0.357422 0.0507812 0.0507812 0.718372
1 0.175781 0.716797 0.0625 0.0664062 0.740789
1 0.556641 0.166016 0.0507812 0.0507812 0.780124
1 0.542969 0.275391 0.046875 0.0507812 0.783973
