0 0.515625 0.511719 0.78125 0.921875 0.463463
1 0.384766 0.865234 0.0664062 0.0585938 0.696261
1 0.589844 0.708984 0.046875 0.0429688 0.703302
1 0.484375 0.779297 0.078125 0.0742188 0.724353
1 0.345703 0.683594 0.0664062 0.0625 0.748299
1 0.222656 0.525391 0.0859375 0.0898438 0.750261
1 0.285156 0.824219 0.0546875 0.0625 0.752265
1 0.751953 0.554688 0.0664062 0.0625 0.753493
1 0.150391 0.654297 0.0820312 0.0898438 0.782577
1 0.474609 0.210938 0.0664062 0.078125 0.78996
1 0.607422 0.544922 0.0507812 0.0585938 0.795032
1 0.595703 0.427734 0.128906 0.121094 0.817325
