1 0.345703 0.380859 0.0976562 0.0820312 0.400096
1 0.320312 0.390625 0.078125 0.078125 0.413987
1 0.359375 0.841797 0.0234375 0.0273438 0.429322
1 0.435547 0.177734 0.0351562 0.0429688 0.462457
0 0.535156 0.476562 0.6875 0.804688 0.490994
1 0.320312 0.810547 0.03125 0.0351562 0.52398
1 0.306641 0.402344 0.0429688 0.0546875 0.537826
1 0.212891 0.599609 0.0664062 0.0429688 0.585242
1 0.191406 0.4375 0.0546875 0.0625 0.601094
1 0.5 0.830078 0.0390625 0.0429688 0.684237
1 0.742188 0.810547 0.0546875 0.0664062 0.744365
1 0.251953 0.511719 0.0820312 0.078125 0.788078
